    "C0": 0.138005,

    "C1": -0.013882,

    "A": 0.8,

    "M1": 0.948,

    "M2": 1.085635,

    "k1": 277.0,

    "k2": 7.0