A  : 0.551374
M1 : 0.942884
M2 : 1.085352
k1 : 149.999815
k2 : 7.004016